SNP beta.exposure.x se.exposure.x beta.outcome.x se.outcome.x beta.exposure.y se.exposure.y beta.outcome.y se.outcome.y
rs10226228 -0.0114099 0.00143702 -0.004778 0.002081 0.000649639135211335 0.00200482989659171 0.004778 0.002081
rs10228494 -0.00834755 0.00141017 -0.000919 0.002041 -0.00471535955178249 0.00194956123499343 0.000919 0.002041
rs10282292 0.00896219 0.0014469 2e-05 0.002088 0.000362960083058805 0.00201334029294645 -2e-05 0.002088
rs10458563 -0.00971347 0.00170587 0.002818 0.002463 -0.00684965690096582 0.00239785953521186 -0.002818 0.002463
rs1050847 0.00797046 0.00140503 -0.004596 0.002039 0.0034116220690947 0.00195029452630233 0.004596 0.002039
rs10759934 0.0081033 0.00139392 0.000356 0.002014 0.000786223361403496 0.00192970934514154 -0.000356 0.002014
rs10819050 -0.0111702 0.00140848 0.003649 0.00203 -0.00443226156520249 0.00203366107937443 -0.003649 0.00203
rs10823968 0.00813544 0.00145258 -0.001338 0.002098 0.00421003293524031 0.00199574701262055 0.001338 0.002098
rs10879871 -0.00957988 0.00145803 -0.003017 0.002104 -0.00955263473075138 0.00203201558651829 0.003017 0.002104
rs10918701 0.00802389 0.00143191 -0.006633 0.002062 0.0030762502795602 0.00199823928641645 0.006633 0.002062
rs10922907 0.0101748 0.00139495 -0.000794 0.00201 0.00648992556107398 0.00193923617576155 0.000794 0.00201
rs10945143 -0.00883899 0.00159048 -0.002842 0.002297 0.000224320488266448 0.00221029544781041 0.002842 0.002297
rs11023819 0.00849017 0.00140527 -0.004877 0.002026 0.002055842697862 0.00195131953468511 0.004877 0.002026
rs11023894 0.00758653 0.00138895 -0.004873 0.002002 0.00308085148587009 0.00192930403767763 0.004873 0.002002
rs11123962 -0.00890367 0.00139223 0.001954 0.002017 -0.00322028023056633 0.00194190204447049 -0.001954 0.002017
rs11134664 -0.00928494 0.00149314 -0.002099 0.002153 -0.00247283621778652 0.00206788952918013 0.002099 0.002153
rs11210229 0.011702 0.00142273 -0.000224 0.002049 0.00474927448815654 0.00198403788051499 0.000224 0.002049
rs112282219 -0.0231662 0.00350418 0.012209 0.005062 -0.0166141327547057 0.00483656103479568 -0.012209 0.005062
rs11255908 -0.0100713 0.00158809 -0.003517 0.0023 -5.86920473282668e-05 0.00224908414043452 0.003517 0.0023
rs113382419 -0.0282339 0.00221376 0.003211 0.003211 0.00443521672298289 0.00312060759663749 -0.003211 0.003211
rs116948922 0.0244586 0.00394568 0.006548 0.005719 0.0170560445551908 0.00554833170854138 -0.006548 0.005719
rs11768481 0.00901238 0.00147464 0.001274 0.002134 0.00124621220972287 0.00203777486362433 -0.001274 0.002134
rs11783093 0.01571 0.00189655 -0.001155 0.002733 -0.00338522054810175 0.00265150936981465 0.001155 0.002733
rs11786713 0.00796712 0.00145396 -0.003339 0.002098 -0.003506225836582 0.00201427411333919 0.003339 0.002098
rs11801576 -0.0102544 0.00161776 0.003029 0.002351 0.00262629034197248 0.00224379126505176 -0.003029 0.002351
rs11861214 0.00945079 0.00168455 -0.018443 0.002435 -0.00707945484650743 0.0022684036513902 0.018443 0.002435
rs11921010 0.00809898 0.00141715 -0.000885 0.002045 0.0127345487564724 0.00197678534239379 0.000885 0.002045
rs11948770 -0.0102364 0.00164524 0.000729 0.002375 -0.00376070702968423 0.00228869341369589 -0.000729 0.002375
rs12151765 0.0126888 0.00212356 -0.001773 0.003069 0.00585615671828406 0.00295780580513559 0.001773 0.003069
rs12202536 -0.00823391 0.00138601 0.001936 0.001997 -0.00599386417932378 0.00193049366442899 -0.001936 0.001997
rs1221148 0.00916504 0.00140711 -0.001523 0.002027 0.000818980992795856 0.00195773902618138 0.001523 0.002027
rs12244388 -0.0132503 0.00146413 0.005164 0.002114 -0.00477749585246772 0.00203343727254299 -0.005164 0.002114
rs12442096 0.00849543 0.0014248 0.001116 0.002057 0.00321945601195066 0.001977696107003 -0.001116 0.002057
rs1246265 -0.00886526 0.00150907 0.001026 0.002179 -0.00550834047470394 0.00208943263736374 -0.001026 0.002179
rs12481282 -0.00894356 0.00154935 -0.002211 0.002236 -0.00633514897189385 0.00216278419844757 0.002211 0.002236
rs12623702 -0.00977238 0.00142787 -0.002736 0.002074 -0.00667747059633099 0.001977696107003 0.002736 0.002074
rs12708665 -0.0090871 0.00153886 -0.001276 0.002213 -0.00477144651414074 0.00212748284784015 0.001276 0.002213
rs12831617 -0.00918459 0.00163314 0.004064 0.00236 -0.00259088922728773 0.00231736177375491 -0.004064 0.00236
rs12967855 0.0081887 0.00147934 0.000363 0.002138 0.00346187393694691 0.00205787045193087 -0.000363 0.002138
rs13009008 0.00863272 0.00147329 0.000746 0.002132 0.000778190724669095 0.00205787045193087 -0.000746 0.002132
rs13016665 -0.00848745 0.0014118 -0.004644 0.002041 -0.007862027174789 0.00194733530844186 0.004644 0.002041
rs13106038 0.00888362 0.00148411 -0.002059 0.002141 -0.00239677942801759 0.00206281929094326 0.002059 0.002141
rs13153393 -0.0137451 0.00217329 0.001054 0.00314 -0.00144442074421291 0.0030587310056019 -0.001054 0.00314
rs13178466 0.00770147 0.00141073 0.004373 0.002034 -0.000885509663655136 0.00196055134855648 -0.004373 0.002034
rs13268671 0.00778402 0.00140191 -0.000572 0.002028 0.0016711401149822 0.00196130237409249 0.000572 0.002028
rs136233 -0.00995614 0.00176918 -0.002509 0.002559 -0.000813883375891521 0.00245395070994542 0.002509 0.002559
rs1363374 0.00826725 0.0014241 -0.000807 0.002057 0.00341056484798888 0.00197238057803114 0.000807 0.002057
rs147412694 -0.0115726 0.00194865 0.004118 0.002816 -0.00852503576435833 0.00277172820634542 -0.004118 0.002816
rs17309874 -0.0112899 0.00158234 -0.001243 0.002282 -0.00246180018588556 0.00220190102506469 0.001243 0.002282
rs17314832 0.00852358 0.0014456 -0.000656 0.002084 -0.00130398440508859 0.00201209162003495 0.000656 0.002084
rs17553262 -0.0127323 0.00218148 0.007282 0.003165 -0.00139499596983042 0.0030587310056019 -0.007282 0.003165
rs17576594 0.0109502 0.00155159 0.001002 0.002245 0.00161563841653599 0.00214372959399269 -0.001002 0.002245
rs17733784 0.00841894 0.00143622 0.000215 0.002076 0.00196333842268902 0.00198937056331901 -0.000215 0.002076
rs1922018 0.0100328 0.00143771 0.001623 0.002085 0.00397759389464976 0.00200134468660986 -0.001623 0.002085
rs1931262 -0.00764277 0.00138589 0.004936 0.002001 0.0028869763058352 0.00193326232685034 -0.004936 0.002001
rs202645 -0.0101598 0.00172497 -0.007921 0.002487 -0.0108795939065524 0.00242067787301932 0.007921 0.002487
rs2062882 -0.0081103 0.00141998 -0.001623 0.002044 0.000108511805295897 0.00195842886312308 0.001623 0.002044
rs2080870 0.00863309 0.00158257 -0.002603 0.002283 0.00548135445803866 0.00221029544781041 0.002603 0.002283
rs2244524 0.00893847 0.00139794 -0.005642 0.002019 0.00227477427389252 0.001936416456653 0.005642 0.002019
rs2254710 0.00899636 0.00163085 -0.000633 0.002347 0.0015297000689941 0.00225541970502771 0.000633 0.002347
rs2401924 0.0105718 0.00138906 0.00196 0.002002 0.00263862665747756 0.00192955491218008 -0.00196 0.002002
rs2675638 0.00849857 0.00140017 -0.000718 0.002029 0.00175680604879616 0.00195442107767743 0.000718 0.002029
rs2838834 -0.00936489 0.00151488 0.003213 0.002189 -0.000734333900159042 0.00211106153416114 -0.003213 0.002189
rs28635466 0.00844234 0.00150481 0.0014 0.002171 -0.00663870194737396 0.00211312211203986 -0.0014 0.002171
rs2867112 0.0147832 0.00188747 -0.003774 0.002735 0.00721958654600011 0.00260514389735685 0.003774 0.002735
rs2880449 -0.00772692 0.00139172 0.003148 0.002013 -0.00089455464240775 0.00192924615745676 -0.003148 0.002013
rs2890772 -0.0136979 0.00140672 0.004431 0.002041 -0.00293327629076417 0.00196426709000547 -0.004431 0.002041
rs2894808 -0.0152983 0.0025912 0.00783 0.003736 0.000405701290083912 0.00357200068551855 -0.00783 0.003736
rs3025383 0.0126539 0.00180169 -0.000623 0.002606 -4.11003239185116e-05 0.00247394877851573 0.000623 0.002606
rs317021 -0.011567 0.00179087 -0.000773 0.002588 -0.00597396244303185 0.00250002547345183 0.000773 0.002588
rs326341 0.00943522 0.00139247 0.004352 0.002011 0.00103179245058687 0.00193272433943353 -0.004352 0.002011
rs329120 0.00965704 0.00140509 -0.002192 0.002029 -8.94206947274051e-05 0.00195131953468511 0.002192 0.002029
rs348829 -0.00836241 0.00146235 -0.001255 0.002115 -0.00104931302737467 0.00204222270976527 0.001255 0.002115
rs35120974 -0.00844791 0.00140937 -0.00072 0.002034 -0.0028040434027352 0.00195842886312308 0.00072 0.002034
rs35169606 0.00877627 0.00144385 -0.001748 0.002087 -0.00385894111308884 0.00198745578762611 0.001748 0.002087
rs35175834 -0.0164032 0.00169847 0.00315 0.002449 -0.00898700633582041 0.00235200705431911 -0.00315 0.002449
rs35264168 0.0165979 0.00267566 0.001994 0.003861 0.00631903220932123 0.00354353730379807 -0.001994 0.003861
rs35343344 0.00918144 0.00159594 -0.002237 0.002309 0.000402813031093021 0.00219101404489371 0.002237 0.002309
rs35891966 0.0155949 0.00269184 -0.001735 0.003904 0.0161075373357679 0.0037756649878099 0.001735 0.003904
rs359243 -0.00871975 0.00142539 -0.001779 0.002057 -0.00319866377262185 0.00197238057803114 0.001779 0.002057
rs369230 -0.00908882 0.001511 0.001255 0.002188 -0.00454828831229681 0.00209130519407181 -0.001255 0.002188
rs3742365 -0.0107929 0.0014159 -0.002348 0.002049 -0.00570888147226042 0.00196275388095419 0.002348 0.002049
rs3769949 -0.00825646 0.00138563 0.002024 0.002006 0.00072933181044313 0.00193544566641267 -0.002024 0.002006
rs3811038 -0.00954466 0.00155745 -0.004372 0.002258 -0.00806716745805918 0.00214838205320911 0.004372 0.002258
rs3896224 0.00962696 0.00141792 0.002745 0.002051 0.00200840330243918 0.00202775939911064 -0.002745 0.002051
rs3905052 -0.00973167 0.00165516 0.001659 0.002388 -0.00251321885431569 0.00233346512532547 -0.001659 0.002388
rs421983 0.00870743 0.00138561 0.003651 0.001999 0.00837752244928594 0.00193729071511785 -0.003651 0.001999
rs4391802 0.0103191 0.00152789 -0.006747 0.002202 0.00466703607258664 0.00213020077803835 0.006747 0.002202
rs4473348 -0.0104317 0.00159675 0.002442 0.002312 -0.00442885979394275 0.0022397706698008 -0.002442 0.002312
rs4543592 -0.00866243 0.0013891 -0.000511 0.002015 -0.000906528070107336 0.00193272433943353 0.000511 0.002015
rs4571506 0.00787701 0.00139172 5.4e-05 0.002011 -0.00795783915094062 0.00193576130540252 -5.4e-05 0.002011
rs4671357 -0.00944175 0.00138991 0.002762 0.002008 0.000521814056714926 0.00192999900691514 -0.002762 0.002008
rs4731925 -0.00829239 0.00149022 -0.004377 0.002149 0.00352736827200256 0.00208943263736374 0.004377 0.002149
rs4814873 0.00971214 0.00163637 -0.000259 0.002362 0.00127863315412998 0.00228181871174063 0.000259 0.002362
rs4949465 -0.0116055 0.00205788 0.001793 0.002968 -0.00205151727688161 0.00283677136426674 -0.001793 0.002968
rs4957528 -0.0101225 0.00172212 0.000184 0.002496 -0.000667067591576553 0.00238086632985961 -0.000184 0.002496
rs530916 -0.00782281 0.00139461 0.001223 0.002013 -0.0109666863761417 0.00194474141846021 -0.001223 0.002013
rs549845 0.0112613 0.00150857 -0.000841 0.002173 0.00295225636634821 0.00210875454739158 0.000841 0.002173
rs56059523 -0.0127015 0.00212176 -0.007969 0.00307 -0.00779275023363004 0.00293700325112559 0.007969 0.00307
rs57611503 0.00774344 0.00141026 0.004699 0.002038 -0.00488988028959054 0.00193289490008373 -0.004699 0.002038
rs6011779 0.0191152 0.00176364 0.00338 0.002557 0.00331056050209806 0.00245395070994542 -0.00338 0.002557
rs6050215 -0.0262369 0.00400416 0.001239 0.005828 -0.0177751850264589 0.0055656263210508 -0.001239 0.005828
rs6057527 0.0103484 0.00163055 0.001426 0.002367 0.00271379724125216 0.00224595457733315 -0.001426 0.002367
rs6088250 -0.00909014 0.00155466 0.000461 0.002249 -0.00234833811164237 0.00214372959399269 -0.000461 0.002249
rs60952428 0.0134109 0.00241933 0.001484 0.003495 0.00306390951827734 0.00343415111631486 -0.001484 0.003495
rs6119897 -0.0128038 0.00162704 0.00124 0.002349 -0.00611704698850291 0.00222769712127381 -0.00124 0.002349
rs61796681 -0.0134163 0.00244752 -0.001626 0.003527 -0.00208385023935939 0.00341202408620175 0.001626 0.003527
rs62012628 0.0090218 0.00154489 -0.001619 0.002227 -0.00227280503474774 0.00211940162309506 0.001619 0.002227
rs62098013 -0.00856663 0.00145676 0.001347 0.002102 0.00448926604333818 0.00200365749273201 -0.001347 0.002102
rs62107261 0.0210428 0.0032387 -0.001657 0.004732 0.0173086439900444 0.00460949649389618 0.001657 0.004732
rs62132337 0.0219563 0.00395048 -0.011463 0.005723 0.0214113919658318 0.0055656263210508 0.011463 0.005723
rs62155874 -0.0169073 0.00208546 -0.002078 0.003024 -0.00158155867893198 0.00292680564505425 0.002078 0.003024
rs62175972 0.0217461 0.00385678 0.005508 0.005578 -0.003361929349999 0.0052633045597037 -0.005508 0.005578
rs62261746 0.00830689 0.00151541 -0.002298 0.002191 0.00479862589295672 0.00210839517281279 0.002298 0.002191
rs624833 0.00928567 0.00150361 0.001515 0.002169 0.0058690373833004 0.00208943263736374 -0.001515 0.002169
rs6562474 0.00836914 0.0014611 -8.8e-05 0.002109 0.00474907728689654 0.00201587103999608 8.8e-05 0.002109
rs6598539 -0.00815056 0.00138941 -0.000772 0.002003 -0.00500237835566269 0.00192970934514154 0.000772 0.002003
rs6665841 0.0105825 0.00165022 -0.001569 0.002379 0.00447813638547835 0.00231869112836938 0.001569 0.002379
rs6692614 -0.00781565 0.00140722 -0.002388 0.002027 -0.00248963165050575 0.00195603935858808 0.002388 0.002027
rs6741228 0.00793282 0.00140363 0.000507 0.002032 8.95006834459903e-05 0.00194843141885486 -0.000507 0.002032
rs67596067 -0.00887666 0.00145843 0.000324 0.0021 -0.000450249579351708 0.00202782211986785 -0.000324 0.0021
rs6778080 0.0111141 0.00156621 0.008093 0.00234 0.00675315882952225 0.00219101404489371 -0.008093 0.00234
rs6779302 -0.00875253 0.0014392 0.001744 0.002075 -0.00416953618109488 0.00199684567571665 -0.001744 0.002075
rs6796790 0.0101069 0.00163574 0.007208 0.002462 0.00615158256892305 0.0022830664249183 -0.007208 0.002462
rs6935954 0.0095817 0.00140192 0.02701 0.00203 0.000775898004361995 0.00195818991091674 -0.02701 0.00203
rs6962772 0.011064 0.00191645 0.002969 0.002771 0.0105947599115521 0.00266540112144343 -0.002969 0.002771
rs7039819 0.00873433 0.00140501 0.000673 0.002025 -0.00764839730641648 0.00194899210310713 -0.000673 0.002025
rs71367545 -0.0103197 0.0017038 -0.000131 0.002464 0.0026297528146965 0.00238086632985961 0.000131 0.002464
rs71532325 0.0083377 0.00149168 0.002248 0.002147 -0.00172528839386662 0.0020562474240143 -0.002248 0.002147
rs7155595 -0.00885162 0.00148508 -0.003526 0.00214 -0.00428371171467479 0.0020562474240143 0.003526 0.00214
rs71627581 0.0132566 0.00219871 -0.009572 0.003175 0.00813024098972402 0.00307074964131358 0.009572 0.003175
rs72678864 0.0123829 0.0018387 -0.005348 0.002663 0.00388951614898787 0.00259879229104232 0.005348 0.002663
rs7297175 -0.00811649 0.0013992 -0.003485 0.002017 0.0033701223941783 0.00194899210310713 0.003485 0.002017
rs732083 0.00834823 0.00147311 -0.00166 0.002121 -0.00531382244260119 0.00204832802296701 0.00166 0.002121
rs73220544 -0.0108189 0.0019126 -0.000899 0.002763 -0.00295591122329116 0.00259250564274716 0.000899 0.002763
rs7333559 0.01074 0.00170716 -0.002518 0.002472 -0.00274757189905296 0.00235602346632449 0.002518 0.002472
rs74086911 0.0148021 0.00264197 0.004625 0.003811 0.00988135382437986 0.00370579721085963 -0.004625 0.003811
rs74640750 -0.0113294 0.00203844 0.002669 0.002947 -0.00195367347807938 0.00284067409255398 -0.002669 0.002947
rs75120545 0.0267447 0.00430392 -0.001498 0.006192 0.032786212236549 0.00567306830354155 0.001498 0.006192
rs7528604 0.00965269 0.00140141 0.002499 0.002017 0.0076394395020664 0.00195306087750084 -0.002499 0.002017
rs7553348 0.00963399 0.00139643 0.000179 0.002023 0.00726353717675677 0.0019482324089517 -0.000179 0.002023
rs7569203 -0.0107595 0.0015002 0.002402 0.00216 -0.0146709483838016 0.00204832802296701 -0.002402 0.00216
rs75742406 0.00961948 0.00158486 -0.005638 0.002282 0.00106180844378308 0.00218569809203601 0.005638 0.002282
rs7588808 -0.0095114 0.00143542 -0.000103 0.002076 -0.00317972176254388 0.00198732610158993 0.000103 0.002076
rs762995 0.00793375 0.0013893 0.002667 0.002 0.00377007636919565 0.00193146863393532 -0.002667 0.002
rs76608582 0.0216317 0.00344003 -0.023173 0.005001 0.00228091216107641 0.00450804848236144 0.023173 0.005001
rs7687139 0.00785173 0.00143703 0.00143 0.002087 0.0054195620525729 0.00197238057803114 -0.00143 0.002087
rs77653640 -0.00971124 0.00175811 0.001541 0.00254 -0.000324348649432606 0.00245888076572318 -0.001541 0.00254
rs7766610 0.0125839 0.00179283 0.001433 0.002577 0.00547623897441998 0.00246887919770841 -0.001433 0.002577
rs77941694 -0.0113711 0.00183091 -0.006058 0.002707 -0.00625991771793652 0.00256201376758251 0.006058 0.002707
rs7807019 -0.0104211 0.00139062 7.5e-05 0.002005 -0.00140969685891366 0.00193272433943353 -7.5e-05 0.002005
rs78526269 0.0101929 0.00168535 -0.000656 0.002436 0.00777442387331546 0.00234407699536081 0.000656 0.002436
rs8042134 -0.00994136 0.0014011 -0.002425 0.002033 -0.00219006391329384 0.00193576130540252 0.002425 0.002033
rs8042849 0.0192164 0.00146183 0.002275 0.002105 -0.00155285899785888 0.00202508548036233 -0.002275 0.002105
rs812887 0.00824801 0.00141024 -0.000753 0.002033 0.00221907154759688 0.00195378355528308 0.000753 0.002033
rs860326 0.00833808 0.0014023 0.000191 0.002021 0.00404056720319496 0.00194627273763612 -0.000191 0.002021
rs8614 -0.0114612 0.00179679 0.016174 0.002602 0.00485668360286517 0.00249471079633401 -0.016174 0.002602
rs889398 0.0092407 0.00141367 -0.004368 0.00205 0.00216404337657079 0.00195923281566207 0.004368 0.00205
rs909334 0.00965036 0.00160423 -0.011507 0.00232 -0.00123458664840633 0.00224285016723895 0.011507 0.00232
rs9277988 -0.00978362 0.00174236 0.013782 0.002518 -0.00339065506541816 0.00258535024983637 -0.013782 0.002518
rs9435340 0.00834773 0.00146424 -0.00127 0.002107 0.00173231229179668 0.00204439102098183 0.00127 0.002107
rs9554663 -0.00928263 0.00159298 -0.00172 0.002294 -0.00729374521371396 0.00219914692639452 0.00172 0.002294
rs9842947 -0.00877189 0.00148073 0.001552 0.002138 -0.00401264308114323 0.00206115630230832 -0.001552 0.002138
rs986391 0.0111388 0.0014379 -0.001972 0.002077 0.00703535969993109 0.00200601303620286 0.001972 0.002077
rs9889262 -0.00793678 0.00144499 0.003242 0.00208 -0.000288960128900938 0.0020084117321212 -0.003242 0.00208
rs9919670 -0.0152438 0.00142114 0.001389 0.002048 -0.00665664345674884 0.00197152764062379 -0.001389 0.002048
