SNP beta.exposure.x se.exposure.x beta.outcome.x se.outcome.x beta.exposure.y se.exposure.y beta.outcome.y se.outcome.y
rs10001365 -0.0249917522361988 0.00364154979674843 -0.004155 0.002017 -0.006 0.0018 -0.004155 0.002017
rs1004787 0.0299231195831601 0.00357139850186026 -0.003751 0.001903 2e-04 0.0019 -0.003751 0.001903
rs10159545 0.0262501152217945 0.0037272658976418 0.001998 0.001994 0.0176 0.002 -0.001998 0.001994
rs10233018 0.0270690382961853 0.00355740691271967 0.002768 0.00189 0.0029 0.0019 -0.002768 0.00189
rs10279261 -0.0214193598061592 0.00366263324610703 0.000114 0.001948 -0.0021 0.0017 0.000114 0.001948
rs1029984 0.0208269529381039 0.00358234481029148 -0.002828 0.001999 0.0051 0.0019 -0.002828 0.001999
rs10490159 0.0216491746167544 0.00363351675217803 0.001851 0.001929 9e-04 0.0017 0.001851 0.001929
rs10498846 0.0206102939104822 0.0035556134988868 0.003787 0.001893 -6e-04 0.0017 0.003787 0.001893
rs1050847 -0.0216231194546871 0.00358893039059423 -0.001936 0.001952 0.0016 0.0017 -0.001936 0.001952
rs10905461 -0.0239553893082787 0.00414505215800124 -0.000291 0.002163 0.001 0.0019 0.000291 0.002163
rs10945141 0.0222362623959129 0.00405301809262339 0.000707 0.002148 -0.0043 0.0019 0.000707 0.002148
rs10956809 -0.0207810646080611 0.00357975119008573 -0.004422 0.001912 -0.0035 0.0019 -0.004422 0.001912
rs11012840 -0.0229683403087224 0.00381746732931954 0.002013 0.00204 -0.0163 0.002 0.002013 0.00204
rs11057005 -0.0209297802537554 0.00357891690904206 -0.00145 0.001918 -0.0032 0.0017 0.00145 0.001918
rs11078713 -0.0201720919993512 0.00360561018144231 -0.000296 0.001924 0.0083 0.0017 0.000296 0.001924
rs11135030 0.0226893782007283 0.00386850687475036 -0.00144 0.002048 0.002 0.0018 -0.00144 0.002048
rs1154693 0.0326216682994671 0.00491232251908705 -0.004308 0.002676 0.0085 0.0027 0.004308 0.002676
rs11594623 0.0270090747742326 0.0041626381416524 0.00462 0.002199 0.0056 0.0022 -0.00462 0.002199
rs1160685 0.020772436428493 0.00358893039059423 -0.002672 0.001907 6e-04 0.0017 0.002672 0.001907
rs11658881 0.0201357214327675 0.00361066336779864 0.010035 0.001918 -0.004 0.0017 -0.010035 0.001918
rs11678980 0.0203418465799605 0.00356819593409352 0.002251 0.00196 0.0084 0.002 0.002251 0.00196
rs11712680 -0.0270476240432524 0.00457842819835389 0.000224 0.002432 -0.0072 0.0022 -0.000224 0.002432
rs117143374 0.0292896903222678 0.00526908907209351 -0.005273 0.002739 -0.0146 0.0028 0.005273 0.002739
rs11716779 0.0219898669573908 0.00402823195017628 -0.008775 0.002198 0.0123 0.0019 0.008775 0.002198
rs11721059 0.0199356867182187 0.00356335451016015 -0.000465 0.001908 0.003 0.0017 -0.000465 0.001908
rs11768481 -0.0232016673678623 0.00376380745301786 -0.001574 0.002016 -0.0062 0.002 -0.001574 0.002016
rs117695734 -0.0551772756302046 0.00881286708017 0.006209 0.005187 -0.0028 0.0053 -0.006209 0.005187
rs11872397 -0.0247725406457757 0.00409477465918092 -0.003456 0.002192 0.0026 0.0022 -0.003456 0.002192
rs11873164 -0.0281424962795397 0.0049517801685124 0.001687 0.002589 -0.0023 0.0026 0.001687 0.002589
rs12027999 -0.0330855002964445 0.00533914965204459 0.004841 0.002862 0.0023 0.0029 -0.004841 0.002862
rs12042107 -0.0222833764663073 0.00356819593409352 -0.004381 0.001897 -0.0107 0.0019 0.004381 0.001897
rs12112638 -0.0245259680994854 0.00404298611398216 0.00522 0.002145 0.0135 0.0021 -0.00522 0.002145
rs12186738 -0.0332644351638424 0.00502051065741958 -0.002631 0.002694 -0.0085 0.0027 -0.002631 0.002694
rs12333760 -0.0290466837454973 0.0048012687206787 0.005954 0.002554 -0.0175 0.0024 -0.005954 0.002554
rs12356821 0.0393700355945343 0.00504910053010178 0.006367 0.00269 0.0101 0.0024 0.006367 0.00269
rs12441907 -0.0292050638015571 0.00452262034266214 0.014788 0.00242 -0.0049 0.0022 0.014788 0.00242
rs12474587 0.0276328620164367 0.00358234481029148 -0.004928 0.001907 -0.0033 0.0017 -0.004928 0.001907
rs12545053 0.0202807978238853 0.00363667793165178 -0.002292 0.001931 -0.0036 0.0017 0.002292 0.001931
rs12632110 -0.0233768243046966 0.00375292296589672 -0.004832 0.002096 -0.0172 0.0018 0.004832 0.002096
rs12662631 0.0209986399155672 0.00383380958622819 0.001419 0.002041 0.0056 0.0018 0.001419 0.002041
rs12923427 -0.0239086627298819 0.00437239804530611 -0.003181 0.002297 -0.0065 0.002 -0.003181 0.002297
rs13030994 0.036092466377408 0.00355629638428205 -0.005449 0.001886 0.0013 0.0019 -0.005449 0.001886
rs13136052 -0.0198097007760779 0.00358697207728253 -0.001508 0.001931 6e-04 0.0019 -0.001508 0.001931
rs13261666 -0.0268945748386775 0.00355604025615263 -0.003445 0.001889 -0.0053 0.0017 -0.003445 0.001889
rs1343432 0.0234447333974563 0.00417724570940657 0.005756 0.002184 0.0153 0.0022 0.005756 0.002184
rs134529 -0.0199839528321729 0.00366077691353738 0.003665 0.001956 -0.0047 0.0017 -0.003665 0.001956
rs1355334 0.0244176044443055 0.00377221156810223 0.004431 0.002095 0.0136 0.0018 0.004431 0.002095
rs1385108 0.0246616993390394 0.00415672857562255 -0.004202 0.002211 -5e-04 0.0022 -0.004202 0.002211
rs1435741 0.0294151238128526 0.00359095051725429 0.005297 0.001913 -0.0067 0.0017 0.005297 0.001913
rs1445649 0.0239932341418356 0.00356483711793006 0.000519 0.001891 0.0053 0.0017 -0.000519 0.001891
rs1518393 0.0205357436417922 0.00365893889953371 -0.000678 0.001956 -0.0029 0.002 0.000678 0.001956
rs1555445 0.0225547968430225 0.00382339614270885 0.003023 0.00207 0.0035 0.0018 -0.003023 0.00207
rs1565735 -0.0376180342371462 0.00446129865085708 -0.002072 0.00237 0.0013 0.0021 -0.002072 0.00237
rs17234745 -0.0285620257898205 0.00504910053010178 -0.003612 0.002667 -0.0055 0.0024 0.003612 0.002667
rs17534089 -0.0322634074908758 0.00518626556041132 -0.002418 0.002764 -0.006 0.0025 0.002418 0.002764
rs1899896 0.0264481246881374 0.00388690913511059 0.005697 0.00207 0.0094 0.0019 0.005697 0.00207
rs1971318 0.0285074215505192 0.00492533227444622 -0.004765 0.002602 0.0089 0.0026 -0.004765 0.002602
rs2046850 -0.0248138529358474 0.00447842201706439 -0.002061 0.002393 0.0022 0.002 -0.002061 0.002393
rs2050586 -0.0205466601064923 0.00370827598744739 0.001074 0.001972 -0.0044 0.002 0.001074 0.001972
rs2107300 -0.0272010365504313 0.00492533227444622 0.007014 0.002615 -0.0025 0.0023 -0.007014 0.002615
rs2186122 0.0260572863256767 0.00358601600776158 -0.006582 0.001906 0.0124 0.0017 0.006582 0.001906
rs222449 -0.0253208232805482 0.00442796261888848 0.001286 0.00237 -0.006 0.0021 -0.001286 0.00237
rs2276825 0.0232182222507148 0.00415672857562255 -0.000821 0.002262 0.0153 0.002 0.000821 0.002262
rs2344508 -0.0219720098837396 0.00358323971714277 -0.000853 0.0019 -0.0193 0.0016 -0.000853 0.0019
rs2378662 0.0209481549927184 0.0035664507489796 -0.004234 0.001909 0.0065 0.0017 -0.004234 0.001909
rs240963 -0.0410443522424762 0.0048371233000107 -0.001168 0.002584 -0.0115 0.0026 0.001168 0.002584
rs2631024 -0.0229644553809509 0.00402823195017628 -0.003955 0.002161 -0.0052 0.0022 0.003955 0.002161
rs266047 -0.0305098439360886 0.0037385472299354 -0.001076 0.001889 -0.0102 0.0019 -0.001076 0.001889
rs27003 0.0242168129229232 0.00383380958622819 0.000233 0.002061 0.0045 0.0018 -0.000233 0.002061
rs28372104 0.0237124469252186 0.00389830226103797 -0.003071 0.002073 -3e-04 0.0021 0.003071 0.002073
rs292071 0.0235821988549303 0.00400909407996469 0.000821 0.002121 0.0074 0.0019 -0.000821 0.002121
rs3001723 0.0335117979569998 0.00389830226103797 -0.000892 0.002057 0.001 0.0018 -0.000892 0.002057
rs301805 0.021467915176492 0.00361328749427589 -0.018634 0.001914 0.0079 0.0018 0.018634 0.001914
rs35702515 0.0252441728437111 0.00423093298129663 0.002697 0.00228 0.0011 0.0023 0.002697 0.00228
rs3800227 0.0228121191646138 0.00405809388433384 0.001174 0.002255 0.0149 0.0019 -0.001174 0.002255
rs3904512 -0.0211588854183522 0.0035765044073267 -0.001429 0.001909 0.0029 0.0017 -0.001429 0.001909
rs4044321 -0.0278416954894971 0.00371057728611977 -0.002546 0.001976 -0.0031 0.0019 0.002546 0.001976
rs4236259 -0.0247689190675964 0.00355660950494466 0.002767 0.001987 0.001 0.0019 -0.002767 0.001987
rs4275621 -0.0217330128147681 0.0036683129404749 -0.001002 0.001952 -0.0079 0.0019 0.001002 0.001952
rs4523689 -0.0206091006590057 0.00364320870753476 -0.000409 0.001481 0.0025 0.0019 0.000409 0.001481
rs4543592 0.0219314324929169 0.00356243865360826 -0.000488 0.001902 -0.003 0.0017 0.000488 0.001902
rs4549681 -0.0236966327871474 0.00373743468785647 -0.003694 0.001897 0.0036 0.0019 0.003694 0.001897
rs4571506 -0.0275746638599439 0.00356880699487212 -0.000901 0.0019 -0.0068 0.0019 -0.000901 0.0019
rs4674993 -0.0252122101883179 0.00443618509086005 -0.000557 0.002361 -0.0016 0.0021 0.000557 0.002361
rs4759228 -0.0216913082292544 0.00393413223853498 -0.010202 0.002087 -0.015 0.0019 -0.010202 0.002087
rs4785836 -0.020470446994321 0.00365893889953371 0.00046 0.001955 -0.002 0.002 -0.00046 0.001955
rs56820925 -0.0218638186698424 0.00387714869146327 0.000675 0.001966 0.0088 0.002 0.000675 0.001966
rs585282 0.0208986579175872 0.00370599506984915 -0.007962 0.001982 -0.0095 0.0018 -0.007962 0.001982
rs6050446 0.0583074883490012 0.0103074051013836 0.022675 0.00544 0.0346 0.0047 -0.022675 0.00544
rs61774463 -0.0235753524586583 0.00418065793154199 -0.002304 0.002225 -0.0052 0.0022 -0.002304 0.002225
rs62098013 0.0203386976796227 0.00369489266314749 0.003417 0.001995 9e-04 0.002 0.003417 0.001995
rs62262675 0.0263085437352356 0.00473279364762131 0.011032 0.002557 0.0162 0.0025 -0.011032 0.002557
rs6265 -0.031786296257863 0.00457842819835389 0.009158 0.002415 -0.0413 0.0021 0.009158 0.002415
rs6433897 0.0224482661870905 0.00405809388433384 -0.035563 0.002146 0.0042 0.0019 0.035563 0.002146
rs6508144 -0.0206935185481786 0.00358601600776158 -0.000159 0.001922 -0.0016 0.0017 0.000159 0.001922
rs6669839 0.0260041224560857 0.00439549894684844 0.003981 0.002334 0.0129 0.0021 0.003981 0.002334
rs6728726 0.0354485928265864 0.0047327936476213 -0.007769 0.002493 0.0577 0.0022 0.007769 0.002493
rs6788098 -0.0313460520986129 0.00368904754309202 0.002507 0.001952 -0.0139 0.0017 -0.002507 0.001952
rs6893752 -0.0240995341718086 0.00407356476845586 -0.003792 0.002184 0.0028 0.002 0.003792 0.002184
rs6948707 0.0224655592873339 0.00360198943206491 -0.000915 0.001996 0.0075 0.0019 0.000915 0.001996
rs7024924 0.0257703252557679 0.00468939081524967 0.002435 0.00248 0.0033 0.0022 -0.002435 0.00248
rs7197072 -0.0247672136264165 0.00416859590363882 -0.00047 0.002358 -0.0055 0.0023 -0.00047 0.002358
rs7224742 -0.0207098819916641 0.00365531751994394 0.00506 0.001956 0.0019 0.002 0.00506 0.001956
rs73138150 -0.0234393737491622 0.00381746732931954 -0.001761 0.002042 -0.0157 0.002 0.001761 0.002042
rs7322872 -0.0255712841733052 0.00433473863465867 0.002196 0.002337 -0.0096 0.0023 0.002196 0.002337
rs7555507 -0.0241444396950049 0.00355604025615263 -0.003972 0.001891 0.0011 0.0019 -0.003972 0.001891
rs7585579 0.022399646203376 0.00372810004129534 -1.4e-05 0.001982 8e-04 0.0017 1.4e-05 0.001982
rs76214862 -0.0249903162581497 0.00454745364554227 0.006229 0.002426 -0.0062 0.0024 -0.006229 0.002426
rs76608582 -0.0495574666847922 0.00825957778079869 -0.002321 0.004887 -0.0186 0.0048 -0.002321 0.004887
rs7901883 -0.0245289237463764 0.00425066008000902 0.005303 0.002258 0.0022 0.002 0.005303 0.002258
rs7921378 -0.0254600844384457 0.00355815496982807 -0.003998 0.001898 0.0037 0.0017 -0.003998 0.001898
rs7929518 0.0242376885051666 0.00428465847557264 0.002915 0.002275 8e-04 0.002 -0.002915 0.002275
rs7938812 0.0437914012665916 0.00363667793165178 -0.000308 0.00194 -0.0078 0.0017 0.000308 0.00194
rs7969559 -0.0243756057706745 0.00395945865508843 -0.002746 0.0021 -0.0131 0.0019 0.002746 0.0021
rs8039513 0.0263852744231818 0.00453170641373137 0.003517 0.002431 0.0065 0.0021 -0.003517 0.002431
rs846799 -0.0209451573233042 0.00355564905612407 -0.000702 0.001973 -0.0106 0.0019 0.000702 0.001973
rs9401770 0.0277306573995193 0.00398600174528558 -0.001267 0.002126 -0.0074 0.0022 -0.001267 0.002126
rs9423279 -0.0205131691957097 0.00370827598744739 0.000371 0.002118 0.0029 0.002 -0.000371 0.002118
rs9540729 -0.0195522233104744 0.00355789131490793 -0.003225 0.001891 -0.0073 0.0017 0.003225 0.001891
rs993700 -0.0259279909689629 0.00429163160110854 0.001896 0.002266 -0.0114 0.002 -0.001896 0.002266
