SNP beta.exposure.x se.exposure.x beta.outcome.x se.outcome.x beta.exposure.y se.exposure.y beta.outcome.y se.outcome.y
rs10001365 -0.0249917522361988 0.00364154979674843 5e-06 0.001976 -0.006 0.0018 5e-06 0.001976
rs1004787 0.0299231195831601 0.00357139850186026 0.001656 0.001935 2e-04 0.0019 0.001656 0.001935
rs10159545 0.0262501152217945 0.0037272658976418 -0.005574 0.002028 0.0176 0.002 0.005574 0.002028
rs10233018 0.0270690382961853 0.00355740691271967 0.000323 0.001923 0.0029 0.0019 -0.000323 0.001923
rs10279261 -0.0214193598061592 0.00366263324610703 -0.001871 0.00199 -0.0021 0.0017 -0.001871 0.00199
rs1029984 0.0208269529381039 0.00358234481029148 0.007702 0.001957 0.0051 0.0019 0.007702 0.001957
rs10490159 0.0216491746167544 0.00363351675217803 0.000276 0.001964 9e-04 0.0017 0.000276 0.001964
rs10498846 0.0206102939104822 0.0035556134988868 0.001285 0.001912 -6e-04 0.0017 0.001285 0.001912
rs1050847 -0.0216231194546871 0.00358893039059423 -2e-05 0.001961 0.0016 0.0017 -2e-05 0.001961
rs10905461 -0.0239553893082787 0.00414505215800124 -0.00638 0.002204 0.001 0.0019 0.00638 0.002204
rs10945141 0.0222362623959129 0.00405301809262339 0.003316 0.002173 -0.0043 0.0019 0.003316 0.002173
rs10956809 -0.0207810646080611 0.00357975119008573 -0.000508 0.001946 -0.0035 0.0019 -0.000508 0.001946
rs11012840 -0.0229683403087224 0.00381746732931954 0.006216 0.002079 -0.0163 0.002 0.006216 0.002079
rs11057005 -0.0209297802537554 0.00357891690904206 -0.001131 0.001954 -0.0032 0.0017 0.001131 0.001954
rs11078713 -0.0201720919993512 0.00360561018144231 -0.000972 0.001957 0.0083 0.0017 0.000972 0.001957
rs11135030 0.0226893782007283 0.00386850687475036 0.006489 0.002087 0.002 0.0018 0.006489 0.002087
rs1154693 0.0326216682994671 0.00491232251908705 0.003774 0.00272 0.0085 0.0027 -0.003774 0.00272
rs11594623 0.0270090747742326 0.0041626381416524 -0.01087 0.00223 0.0056 0.0022 0.01087 0.00223
rs1160685 0.020772436428493 0.00358893039059423 -6.5e-05 0.001938 6e-04 0.0017 6.5e-05 0.001938
rs11658881 0.0201357214327675 0.00361066336779864 -0.011395 0.001953 -0.004 0.0017 0.011395 0.001953
rs11678980 0.0203418465799605 0.00356819593409352 0.001128 0.001998 0.0084 0.002 0.001128 0.001998
rs11712680 -0.0270476240432524 0.00457842819835389 -0.000354 0.00248 -0.0072 0.0022 0.000354 0.00248
rs117143374 0.0292896903222678 0.00526908907209351 -0.003414 0.002788 -0.0146 0.0028 0.003414 0.002788
rs11716779 0.0219898669573908 0.00402823195017628 0.007597 0.002223 0.0123 0.0019 -0.007597 0.002223
rs11721059 0.0199356867182187 0.00356335451016015 -0.001566 0.001943 0.003 0.0017 -0.001566 0.001943
rs11768481 -0.0232016673678623 0.00376380745301786 -0.004574 0.002051 -0.0062 0.002 -0.004574 0.002051
rs117695734 -0.0551772756302046 0.00881286708017 -0.004981 0.005236 -0.0028 0.0053 0.004981 0.005236
rs11872397 -0.0247725406457757 0.00409477465918092 -0.000462 0.002224 0.0026 0.0022 -0.000462 0.002224
rs11873164 -0.0281424962795397 0.0049517801685124 0.001997 0.002634 -0.0023 0.0026 0.001997 0.002634
rs12027999 -0.0330855002964445 0.00533914965204459 0.023551 0.002905 0.0023 0.0029 -0.023551 0.002905
rs12042107 -0.0222833764663073 0.00356819593409352 -0.003082 0.001931 -0.0107 0.0019 0.003082 0.001931
rs12112638 -0.0245259680994854 0.00404298611398216 0.000993 0.002182 0.0135 0.0021 -0.000993 0.002182
rs12186738 -0.0332644351638424 0.00502051065741958 0.002095 0.002744 -0.0085 0.0027 0.002095 0.002744
rs12333760 -0.0290466837454973 0.0048012687206787 0.000113 0.002592 -0.0175 0.0024 -0.000113 0.002592
rs12356821 0.0393700355945343 0.00504910053010178 -0.014086 0.002736 0.0101 0.0024 -0.014086 0.002736
rs12441907 -0.0292050638015571 0.00452262034266214 0.000576 0.002465 -0.0049 0.0022 0.000576 0.002465
rs12474587 0.0276328620164367 0.00358234481029148 -0.001874 0.001947 -0.0033 0.0017 -0.001874 0.001947
rs12545053 0.0202807978238853 0.00363667793165178 0.003758 0.001971 -0.0036 0.0017 -0.003758 0.001971
rs12632110 -0.0233768243046966 0.00375292296589672 -0.018039 0.002055 -0.0172 0.0018 0.018039 0.002055
rs12662631 0.0209986399155672 0.00383380958622819 0.002717 0.002065 0.0056 0.0018 0.002717 0.002065
rs12923427 -0.0239086627298819 0.00437239804530611 -0.001381 0.002337 -0.0065 0.002 -0.001381 0.002337
rs13030994 0.036092466377408 0.00355629638428205 -0.004239 0.001926 0.0013 0.0019 -0.004239 0.001926
rs13136052 -0.0198097007760779 0.00358697207728253 0.001899 0.001974 6e-04 0.0019 0.001899 0.001974
rs13261666 -0.0268945748386775 0.00355604025615263 -0.00126 0.001924 -0.0053 0.0017 -0.00126 0.001924
rs1343432 0.0234447333974563 0.00417724570940657 0.002017 0.002223 0.0153 0.0022 0.002017 0.002223
rs134529 -0.0199839528321729 0.00366077691353738 0.00731 0.001978 -0.0047 0.0017 -0.00731 0.001978
rs1355334 0.0244176044443055 0.00377221156810223 0.004784 0.002053 0.0136 0.0018 0.004784 0.002053
rs1385108 0.0246616993390394 0.00415672857562255 0.000836 0.002249 -5e-04 0.0022 0.000836 0.002249
rs1435741 0.0294151238128526 0.00359095051725429 -0.000194 0.001949 -0.0067 0.0017 -0.000194 0.001949
rs1445649 0.0239932341418356 0.00356483711793006 -0.001752 0.001931 0.0053 0.0017 0.001752 0.001931
rs1518393 0.0205357436417922 0.00365893889953371 0.005243 0.001993 -0.0029 0.002 -0.005243 0.001993
rs1555445 0.0225547968430225 0.00382339614270885 -0.025479 0.00209 0.0035 0.0018 0.025479 0.00209
rs1565735 -0.0376180342371462 0.00446129865085708 -0.003465 0.00242 0.0013 0.0021 -0.003465 0.00242
rs17234745 -0.0285620257898205 0.00504910053010178 -0.002131 0.002715 -0.0055 0.0024 0.002131 0.002715
rs17534089 -0.0322634074908758 0.00518626556041132 -0.000595 0.002811 -0.006 0.0025 0.000595 0.002811
rs1899896 0.0264481246881374 0.00388690913511059 0.002682 0.002111 0.0094 0.0019 0.002682 0.002111
rs1971318 0.0285074215505192 0.00492533227444622 -0.022457 0.002643 0.0089 0.0026 -0.022457 0.002643
rs2046850 -0.0248138529358474 0.00447842201706439 -0.004367 0.002435 0.0022 0.002 -0.004367 0.002435
rs2050586 -0.0205466601064923 0.00370827598744739 0.001566 0.002004 -0.0044 0.002 0.001566 0.002004
rs2107300 -0.0272010365504313 0.00492533227444622 0.002256 0.002658 -0.0025 0.0023 -0.002256 0.002658
rs2186122 0.0260572863256767 0.00358601600776158 0.010764 0.001947 0.0124 0.0017 -0.010764 0.001947
rs222449 -0.0253208232805482 0.00442796261888848 0.001235 0.002394 -0.006 0.0021 -0.001235 0.002394
rs2276825 0.0232182222507148 0.00415672857562255 0.005229 0.002303 0.0153 0.002 -0.005229 0.002303
rs2344508 -0.0219720098837396 0.00358323971714277 -0.001895 0.001934 -0.0193 0.0016 -0.001895 0.001934
rs2378662 0.0209481549927184 0.0035664507489796 -0.001999 0.001944 0.0065 0.0017 -0.001999 0.001944
rs240963 -0.0410443522424762 0.0048371233000107 -0.005041 0.002604 -0.0115 0.0026 0.005041 0.002604
rs2631024 -0.0229644553809509 0.00402823195017628 -0.005455 0.0022 -0.0052 0.0022 0.005455 0.0022
rs266047 -0.0305098439360886 0.0037385472299354 -0.002991 0.001928 -0.0102 0.0019 -0.002991 0.001928
rs27003 0.0242168129229232 0.00383380958622819 0.003466 0.002101 0.0045 0.0018 -0.003466 0.002101
rs28372104 0.0237124469252186 0.00389830226103797 -0.007607 0.002119 -3e-04 0.0021 0.007607 0.002119
rs292071 0.0235821988549303 0.00400909407996469 -0.001277 0.002166 0.0074 0.0019 0.001277 0.002166
rs3001723 0.0335117979569998 0.00389830226103797 -0.005182 0.002088 0.001 0.0018 -0.005182 0.002088
rs301805 0.021467915176492 0.00361328749427589 0.001863 0.001952 0.0079 0.0018 -0.001863 0.001952
rs35702515 0.0252441728437111 0.00423093298129663 -0.005093 0.002318 0.0011 0.0023 -0.005093 0.002318
rs3800227 0.0228121191646138 0.00405809388433384 0.013518 0.002187 0.0149 0.0019 -0.013518 0.002187
rs3904512 -0.0211588854183522 0.0035765044073267 0.001907 0.001946 0.0029 0.0017 0.001907 0.001946
rs4044321 -0.0278416954894971 0.00371057728611977 -0.002922 0.002017 -0.0031 0.0019 0.002922 0.002017
rs4236259 -0.0247689190675964 0.00355660950494466 -0.002267 0.001943 0.001 0.0019 0.002267 0.001943
rs4275621 -0.0217330128147681 0.0036683129404749 0.001453 0.001988 -0.0079 0.0019 -0.001453 0.001988
rs4523689 -0.0206091006590057 0.00364320870753476 0.001638 0.001972 0.0025 0.0019 -0.001638 0.001972
rs4543592 0.0219314324929169 0.00356243865360826 0.002538 0.001939 -0.003 0.0017 -0.002538 0.001939
rs4549681 -0.0236966327871474 0.00373743468785647 -0.001137 0.001928 0.0036 0.0019 0.001137 0.001928
rs4571506 -0.0275746638599439 0.00356880699487212 0.01189 0.001936 -0.0068 0.0019 0.01189 0.001936
rs4674993 -0.0252122101883179 0.00443618509086005 -0.002433 0.002408 -0.0016 0.0021 0.002433 0.002408
rs4759228 -0.0216913082292544 0.00393413223853498 0.007081 0.002117 -0.015 0.0019 0.007081 0.002117
rs4785836 -0.020470446994321 0.00365893889953371 -0.003496 0.001988 -0.002 0.002 0.003496 0.001988
rs56820925 -0.0218638186698424 0.00387714869146327 -0.001073 0.002001 0.0088 0.002 -0.001073 0.002001
rs585282 0.0208986579175872 0.00370599506984915 0.0054 0.002014 -0.0095 0.0018 0.0054 0.002014
rs6050446 0.0583074883490012 0.0103074051013836 0.015813 0.005476 0.0346 0.0047 -0.015813 0.005476
rs61774463 -0.0235753524586583 0.00418065793154199 -0.00141 0.002251 -0.0052 0.0022 -0.00141 0.002251
rs62098013 0.0203386976796227 0.00369489266314749 -0.00244 0.002026 9e-04 0.002 -0.00244 0.002026
rs62262675 0.0263085437352356 0.00473279364762131 0.025823 0.00259 0.0162 0.0025 -0.025823 0.00259
rs6265 -0.031786296257863 0.00457842819835389 0.000824 0.002469 -0.0413 0.0021 0.000824 0.002469
rs6433897 0.0224482661870905 0.00405809388433384 -0.011663 0.002189 0.0042 0.0019 0.011663 0.002189
rs6508144 -0.0206935185481786 0.00358601600776158 0.00119 0.001952 -0.0016 0.0017 -0.00119 0.001952
rs6669839 0.0260041224560857 0.00439549894684844 0.003215 0.002367 0.0129 0.0021 0.003215 0.002367
rs6728726 0.0354485928265864 0.0047327936476213 -0.002878 0.002549 0.0577 0.0022 0.002878 0.002549
rs6788098 -0.0313460520986129 0.00368904754309202 -0.001365 0.001983 -0.0139 0.0017 0.001365 0.001983
rs6893752 -0.0240995341718086 0.00407356476845586 0.001044 0.0022 0.0028 0.002 -0.001044 0.0022
rs6948707 0.0224655592873339 0.00360198943206491 0.002102 0.001951 0.0075 0.0019 -0.002102 0.001951
rs7024924 0.0257703252557679 0.00468939081524967 -0.001107 0.002521 0.0033 0.0022 0.001107 0.002521
rs7197072 -0.0247672136264165 0.00416859590363882 -0.001192 0.002302 -0.0055 0.0023 -0.001192 0.002302
rs7224742 -0.0207098819916641 0.00365531751994394 0.000745 0.001981 0.0019 0.002 0.000745 0.001981
rs73138150 -0.0234393737491622 0.00381746732931954 -0.001043 0.002067 -0.0157 0.002 0.001043 0.002067
rs7322872 -0.0255712841733052 0.00433473863465867 0.000539 0.002372 -0.0096 0.0023 0.000539 0.002372
rs7555507 -0.0241444396950049 0.00355604025615263 -0.002079 0.001919 0.0011 0.0019 -0.002079 0.001919
rs7585579 0.022399646203376 0.00372810004129534 0.006337 0.00194 8e-04 0.0017 -0.006337 0.00194
rs76214862 -0.0249903162581497 0.00454745364554227 0.003704 0.002467 -0.0062 0.0024 -0.003704 0.002467
rs76608582 -0.0495574666847922 0.00825957778079869 0.05823 0.004801 -0.0186 0.0048 0.05823 0.004801
rs7901883 -0.0245289237463764 0.00425066008000902 0.002645 0.002298 0.0022 0.002 0.002645 0.002298
rs7921378 -0.0254600844384457 0.00355815496982807 -0.000115 0.001932 0.0037 0.0017 -0.000115 0.001932
rs7929518 0.0242376885051666 0.00428465847557264 0.000191 0.002319 8e-04 0.002 -0.000191 0.002319
rs7938812 0.0437914012665916 0.00363667793165178 -0.004699 0.001974 -0.0078 0.0017 0.004699 0.001974
rs7969559 -0.0243756057706745 0.00395945865508843 0.001894 0.002148 -0.0131 0.0019 -0.001894 0.002148
rs8039513 0.0263852744231818 0.00453170641373137 0.001409 0.002475 0.0065 0.0021 -0.001409 0.002475
rs846799 -0.0209451573233042 0.00355564905612407 -0.003989 0.001916 -0.0106 0.0019 0.003989 0.001916
rs9401770 0.0277306573995193 0.00398600174528558 0.005226 0.00215 -0.0074 0.0022 0.005226 0.00215
rs9423279 -0.0205131691957097 0.00370827598744739 0.00154 0.002072 0.0029 0.002 -0.00154 0.002072
rs9540729 -0.0195522233104744 0.00355789131490793 2e-06 0.001927 -0.0073 0.0017 -2e-06 0.001927
rs993700 -0.0259279909689629 0.00429163160110854 0.000671 0.00231 -0.0114 0.002 -0.000671 0.00231
