SNP beta.exposure.x se.exposure.x beta.outcome.x se.outcome.x beta.exposure.y se.exposure.y beta.outcome.y se.outcome.y
rs10001365 -0.0249917522361988 0.00364154979674843 -0.004719 0.001886 -0.006 0.0018 -0.004719 0.001886
rs1004787 0.0299231195831601 0.00357139850186026 -0.004698 0.001853 2e-04 0.0019 -0.004698 0.001853
rs10159545 0.0262501152217945 0.0037272658976418 6e-05 0.001938 0.0176 0.002 -6e-05 0.001938
rs10233018 0.0270690382961853 0.00355740691271967 0.003174 0.001839 0.0029 0.0019 -0.003174 0.001839
rs10279261 -0.0214193598061592 0.00366263324610703 0.000376 0.001899 -0.0021 0.0017 0.000376 0.001899
rs1029984 0.0208269529381039 0.00358234481029148 -0.002012 0.001868 0.0051 0.0019 -0.002012 0.001868
rs10490159 0.0216491746167544 0.00363351675217803 0.000308 0.00188 9e-04 0.0017 0.000308 0.00188
rs10498846 0.0206102939104822 0.0035556134988868 0.003881 0.001839 -6e-04 0.0017 0.003881 0.001839
rs1050847 -0.0216231194546871 0.00358893039059423 -0.002054 0.001907 0.0016 0.0017 -0.002054 0.001907
rs10905461 -0.0239553893082787 0.00414505215800124 -0.000636 0.002102 0.001 0.0019 0.000636 0.002102
rs10945141 0.0222362623959129 0.00405301809262339 -0.000246 0.002088 -0.0043 0.0019 -0.000246 0.002088
rs10956809 -0.0207810646080611 0.00357975119008573 -0.002375 0.00186 -0.0035 0.0019 -0.002375 0.00186
rs11012840 -0.0229683403087224 0.00381746732931954 0.003312 0.001982 -0.0163 0.002 0.003312 0.001982
rs11057005 -0.0209297802537554 0.00357891690904206 0.001691 0.001867 -0.0032 0.0017 -0.001691 0.001867
rs11078713 -0.0201720919993512 0.00360561018144231 0.009752 0.00187 0.0083 0.0017 -0.009752 0.00187
rs11135030 0.0226893782007283 0.00386850687475036 -0.004594 0.001959 0.002 0.0018 -0.004594 0.001959
rs1154693 0.0326216682994671 0.00491232251908705 -0.002358 0.002725 0.0085 0.0027 0.002358 0.002725
rs11594623 0.0270090747742326 0.0041626381416524 0.001507 0.002139 0.0056 0.0022 -0.001507 0.002139
rs1160685 0.020772436428493 0.00358893039059423 -0.000358 0.001851 6e-04 0.0017 0.000358 0.001851
rs11658881 0.0201357214327675 0.00361066336779864 0.008455 0.001865 -0.004 0.0017 -0.008455 0.001865
rs11678980 0.0203418465799605 0.00356819593409352 -0.002491 0.001914 0.0084 0.002 -0.002491 0.001914
rs11712680 -0.0270476240432524 0.00457842819835389 0.004627 0.002383 -0.0072 0.0022 -0.004627 0.002383
rs117143374 0.0292896903222678 0.00526908907209351 -0.002498 0.002669 -0.0146 0.0028 0.002498 0.002669
rs11716779 0.0219898669573908 0.00402823195017628 -0.008616 0.002144 0.0123 0.0019 0.008616 0.002144
rs11721059 0.0199356867182187 0.00356335451016015 0.003044 0.001867 0.003 0.0017 0.003044 0.001867
rs11768481 -0.0232016673678623 0.00376380745301786 -9e-04 0.001961 -0.0062 0.002 -9e-04 0.001961
rs117695734 -0.0551772756302046 0.00881286708017 0.015122 0.005056 -0.0028 0.0053 -0.015122 0.005056
rs11872397 -0.0247725406457757 0.00409477465918092 0.00127 0.002133 0.0026 0.0022 0.00127 0.002133
rs11873164 -0.0281424962795397 0.0049517801685124 -0.00381 0.00252 -0.0023 0.0026 -0.00381 0.00252
rs12027999 -0.0330855002964445 0.00533914965204459 0.001719 0.002785 0.0023 0.0029 -0.001719 0.002785
rs12042107 -0.0222833764663073 0.00356819593409352 -0.001732 0.001845 -0.0107 0.0019 0.001732 0.001845
rs12112638 -0.0245259680994854 0.00404298611398216 0.007047 0.002181 0.0135 0.0021 -0.007047 0.002181
rs12186738 -0.0332644351638424 0.00502051065741958 -0.006879 0.00262 -0.0085 0.0027 -0.006879 0.00262
rs12333760 -0.0290466837454973 0.0048012687206787 -0.010654 0.002484 -0.0175 0.0024 0.010654 0.002484
rs12356821 0.0393700355945343 0.00504910053010178 0.012777 0.002611 0.0101 0.0024 0.012777 0.002611
rs12441907 -0.0292050638015571 0.00452262034266214 0.008002 0.002355 -0.0049 0.0022 0.008002 0.002355
rs12474587 0.0276328620164367 0.00358234481029148 -0.008483 0.001863 -0.0033 0.0017 -0.008483 0.001863
rs12545053 0.0202807978238853 0.00363667793165178 -0.002292 0.001883 -0.0036 0.0017 0.002292 0.001883
rs12632110 -0.0233768243046966 0.00375292296589672 -0.002121 0.002059 -0.0172 0.0018 0.002121 0.002059
rs12662631 0.0209986399155672 0.00383380958622819 0.000778 0.001992 0.0056 0.0018 0.000778 0.001992
rs12923427 -0.0239086627298819 0.00437239804530611 -0.00089 0.002241 -0.0065 0.002 -0.00089 0.002241
rs13030994 0.036092466377408 0.00355629638428205 -0.003584 0.001843 0.0013 0.0019 -0.003584 0.001843
rs13136052 -0.0198097007760779 0.00358697207728253 -0.001837 0.001886 6e-04 0.0019 -0.001837 0.001886
rs13261666 -0.0268945748386775 0.00355604025615263 -0.000815 0.001921 -0.0053 0.0017 -0.000815 0.001921
rs1343432 0.0234447333974563 0.00417724570940657 0.001661 0.002132 0.0153 0.0022 0.001661 0.002132
rs134529 -0.0199839528321729 0.00366077691353738 0.001868 0.001905 -0.0047 0.0017 -0.001868 0.001905
rs1355334 0.0244176044443055 0.00377221156810223 0.004409 0.001961 0.0136 0.0018 0.004409 0.001961
rs1385108 0.0246616993390394 0.00415672857562255 0.000292 0.002117 -5e-04 0.0022 0.000292 0.002117
rs1435741 0.0294151238128526 0.00359095051725429 0.006572 0.001861 -0.0067 0.0017 0.006572 0.001861
rs1445649 0.0239932341418356 0.00356483711793006 -0.001328 0.001846 0.0053 0.0017 0.001328 0.001846
rs1518393 0.0205357436417922 0.00365893889953371 0.002232 0.001904 -0.0029 0.002 -0.002232 0.001904
rs1555445 0.0225547968430225 0.00382339614270885 0.003498 0.002016 0.0035 0.0018 -0.003498 0.002016
rs1565735 -0.0376180342371462 0.00446129865085708 -0.004359 0.002312 0.0013 0.0021 -0.004359 0.002312
rs17234745 -0.0285620257898205 0.00504910053010178 -0.007999 0.002588 -0.0055 0.0024 0.007999 0.002588
rs17534089 -0.0322634074908758 0.00518626556041132 -0.005527 0.002689 -0.006 0.0025 0.005527 0.002689
rs1899896 0.0264481246881374 0.00388690913511059 0.004046 0.002013 0.0094 0.0019 0.004046 0.002013
rs1971318 0.0285074215505192 0.00492533227444622 -0.00087 0.002538 0.0089 0.0026 -0.00087 0.002538
rs2046850 -0.0248138529358474 0.00447842201706439 -0.007274 0.002327 0.0022 0.002 -0.007274 0.002327
rs2050586 -0.0205466601064923 0.00370827598744739 -0.001653 0.001921 -0.0044 0.002 -0.001653 0.001921
rs2107300 -0.0272010365504313 0.00492533227444622 -0.001665 0.002552 -0.0025 0.0023 0.001665 0.002552
rs2186122 0.0260572863256767 0.00358601600776158 -0.013577 0.001945 0.0124 0.0017 0.013577 0.001945
rs222449 -0.0253208232805482 0.00442796261888848 -0.002941 0.002302 -0.006 0.0021 0.002941 0.002302
rs2276825 0.0232182222507148 0.00415672857562255 0.005529 0.002205 0.0153 0.002 -0.005529 0.002205
rs2344508 -0.0219720098837396 0.00358323971714277 0.003303 0.001932 -0.0193 0.0016 0.003303 0.001932
rs2378662 0.0209481549927184 0.0035664507489796 -0.001844 0.001878 0.0065 0.0017 -0.001844 0.001878
rs240963 -0.0410443522424762 0.0048371233000107 0.000134 0.002514 -0.0115 0.0026 -0.000134 0.002514
rs2631024 -0.0229644553809509 0.00402823195017628 0.003051 0.002101 -0.0052 0.0022 -0.003051 0.002101
rs266047 -0.0305098439360886 0.0037385472299354 0.000298 0.001846 -0.0102 0.0019 0.000298 0.001846
rs27003 0.0242168129229232 0.00383380958622819 0.001704 0.002006 0.0045 0.0018 -0.001704 0.002006
rs28372104 0.0237124469252186 0.00389830226103797 -0.010033 0.002025 -3e-04 0.0021 0.010033 0.002025
rs292071 0.0235821988549303 0.00400909407996469 0.001812 0.002073 0.0074 0.0019 -0.001812 0.002073
rs3001723 0.0335117979569998 0.00389830226103797 -0.005385 0.002003 0.001 0.0018 -0.005385 0.002003
rs301805 0.021467915176492 0.00361328749427589 -0.015492 0.001884 0.0079 0.0018 0.015492 0.001884
rs35702515 0.0252441728437111 0.00423093298129663 0.001971 0.002232 0.0011 0.0023 0.001971 0.002232
rs3800227 0.0228121191646138 0.00405809388433384 -0.000148 0.00211 0.0149 0.0019 0.000148 0.00211
rs3904512 -0.0211588854183522 0.0035765044073267 0.00166 0.001859 0.0029 0.0017 0.00166 0.001859
rs4044321 -0.0278416954894971 0.00371057728611977 -0.003237 0.001928 -0.0031 0.0019 0.003237 0.001928
rs4236259 -0.0247689190675964 0.00355660950494466 0.004612 0.001943 0.001 0.0019 -0.004612 0.001943
rs4275621 -0.0217330128147681 0.0036683129404749 -0.000451 0.0019 -0.0079 0.0019 0.000451 0.0019
rs4523689 -0.0206091006590057 0.00364320870753476 -0.003707 0.001905 0.0025 0.0019 0.003707 0.001905
rs4543592 0.0219314324929169 0.00356243865360826 -0.002202 0.001853 -0.003 0.0017 0.002202 0.001853
rs4549681 -0.0236966327871474 0.00373743468785647 -0.000535 0.001842 0.0036 0.0019 0.000535 0.001842
rs4571506 -0.0275746638599439 0.00356880699487212 -0.007131 0.00185 -0.0068 0.0019 -0.007131 0.00185
rs4674993 -0.0252122101883179 0.00443618509086005 -0.001132 0.002305 -0.0016 0.0021 0.001132 0.002305
rs4759228 -0.0216913082292544 0.00393413223853498 -0.001128 0.002038 -0.015 0.0019 -0.001128 0.002038
rs4785836 -0.020470446994321 0.00365893889953371 0.001758 0.001901 -0.002 0.002 -0.001758 0.001901
rs56820925 -0.0218638186698424 0.00387714869146327 -0.001712 0.001914 0.0088 0.002 -0.001712 0.001914
rs585282 0.0208986579175872 0.00370599506984915 -0.008302 0.002014 -0.0095 0.0018 -0.008302 0.002014
rs6050446 0.0583074883490012 0.0103074051013836 0.011535 0.00533 0.0346 0.0047 -0.011535 0.00533
rs61774463 -0.0235753524586583 0.00418065793154199 -0.000558 0.00225 -0.0052 0.0022 -0.000558 0.00225
rs62098013 0.0203386976796227 0.00369489266314749 0.009782 0.001939 9e-04 0.002 0.009782 0.001939
rs62262675 0.0263085437352356 0.00473279364762131 0.008825 0.002491 0.0162 0.0025 -0.008825 0.002491
rs6265 -0.031786296257863 0.00457842819835389 0.01301 0.002357 -0.0413 0.0021 0.01301 0.002357
rs6433897 0.0224482661870905 0.00405809388433384 -0.02429 0.002097 0.0042 0.0019 0.02429 0.002097
rs6508144 -0.0206935185481786 0.00358601600776158 -0.001183 0.001869 -0.0016 0.0017 0.001183 0.001869
rs6669839 0.0260041224560857 0.00439549894684844 0.003088 0.002274 0.0129 0.0021 0.003088 0.002274
rs6728726 0.0354485928265864 0.0047327936476213 -0.004741 0.002461 0.0577 0.0022 0.004741 0.002461
rs6788098 -0.0313460520986129 0.00368904754309202 0.002976 0.001898 -0.0139 0.0017 -0.002976 0.001898
rs6893752 -0.0240995341718086 0.00407356476845586 0.003217 0.002106 0.0028 0.002 -0.003217 0.002106
rs6948707 0.0224655592873339 0.00360198943206491 -0.001734 0.001953 0.0075 0.0019 0.001734 0.001953
rs7024924 0.0257703252557679 0.00468939081524967 0.00053 0.002409 0.0033 0.0022 -0.00053 0.002409
rs7197072 -0.0247672136264165 0.00416859590363882 -0.002715 0.002334 -0.0055 0.0023 -0.002715 0.002334
rs7224742 -0.0207098819916641 0.00365531751994394 -0.000663 0.001902 0.0019 0.002 -0.000663 0.001902
rs73138150 -0.0234393737491622 0.00381746732931954 -0.00358 0.001988 -0.0157 0.002 0.00358 0.001988
rs7322872 -0.0255712841733052 0.00433473863465867 0.000751 0.002274 -0.0096 0.0023 0.000751 0.002274
rs7555507 -0.0241444396950049 0.00355604025615263 -0.00056 0.001918 0.0011 0.0019 -0.00056 0.001918
rs7585579 0.022399646203376 0.00372810004129534 -0.002274 0.001853 8e-04 0.0017 0.002274 0.001853
rs76214862 -0.0249903162581497 0.00454745364554227 0.005006 0.002364 -0.0062 0.0024 -0.005006 0.002364
rs76608582 -0.0495574666847922 0.00825957778079869 -0.00098 0.004833 -0.0186 0.0048 -0.00098 0.004833
rs7901883 -0.0245289237463764 0.00425066008000902 -0.001094 0.002198 0.0022 0.002 -0.001094 0.002198
rs7921378 -0.0254600844384457 0.00355815496982807 0.001963 0.001847 0.0037 0.0017 0.001963 0.001847
rs7929518 0.0242376885051666 0.00428465847557264 0.001451 0.002209 8e-04 0.002 -0.001451 0.002209
rs7938812 0.0437914012665916 0.00363667793165178 -0.003161 0.001885 -0.0078 0.0017 0.003161 0.001885
rs7969559 -0.0243756057706745 0.00395945865508843 0.003782 0.002052 -0.0131 0.0019 -0.003782 0.002052
rs8039513 0.0263852744231818 0.00453170641373137 0.005885 0.002366 0.0065 0.0021 -0.005885 0.002366
rs846799 -0.0209451573233042 0.00355564905612407 0.001628 0.00185 -0.0106 0.0019 -0.001628 0.00185
rs9401770 0.0277306573995193 0.00398600174528558 -0.001315 0.002068 -0.0074 0.0022 -0.001315 0.002068
rs9423279 -0.0205131691957097 0.00370827598744739 0.00431 0.001987 0.0029 0.002 -0.00431 0.001987
rs9540729 -0.0195522233104744 0.00355789131490793 -0.000514 0.001842 -0.0073 0.0017 0.000514 0.001842
rs993700 -0.0259279909689629 0.00429163160110854 -0.003324 0.002206 -0.0114 0.002 0.003324 0.002206
